{"ind" :["ind1","ind2","ind3","ind4","ind5","ind6","ind7","ind8","ind9","ind10","ind11","ind12","ind13","ind14","ind15","ind16","ind17","ind18","ind19","ind20","ind21","ind22","ind23","ind24","ind25","ind26","ind27","ind28","ind29","ind30","ind31","ind32","ind33","ind34","ind35","ind36","ind37","ind38","ind39","ind40","ind41","ind42","ind43","ind44","ind45","ind46","ind47","ind48","ind49","ind50","ind51","ind52","ind53","ind54","ind55","ind56","ind57","ind58","ind59","ind60","ind61","ind62","ind63","ind64","ind65","ind66","ind67","ind68","ind69","ind70","ind71","ind72","ind73","ind74","ind75","ind76","ind77","ind78","ind79","ind80","ind81","ind82","ind83","ind84","ind85","ind86","ind87","ind88","ind89","ind90","ind91","ind92","ind93","ind94","ind95","ind96","ind97","ind98","ind99","ind100","ind101","ind102","ind103","ind104","ind105","ind106","ind107","ind108","ind109","ind110","ind111","ind112","ind113","ind114","ind115","ind116","ind117","ind118","ind119","ind120","ind121","ind122","ind123","ind124","ind125","ind126","ind127","ind128","ind129","ind130","ind131","ind132","ind133","ind134","ind135","ind136","ind137","ind138","ind139","ind140","ind141","ind142","ind143","ind144","ind145","ind146","ind147","ind148","ind149","ind150","ind151","ind152","ind153","ind154","ind155","ind156","ind157","ind158","ind159","ind160","ind161","ind162","ind163","ind164","ind165","ind166","ind167","ind168","ind169","ind170","ind171","ind172","ind173","ind174","ind175","ind176","ind177","ind178","ind179","ind180","ind181","ind182","ind183","ind184","ind185","ind186","ind187","ind188","ind189","ind190","ind191","ind192","ind193","ind194","ind195","ind196","ind197","ind198","ind199","ind200","ind201","ind202","ind203","ind204","ind205","ind206","ind207","ind208","ind209","ind210","ind211","ind212","ind213","ind214","ind215","ind216","ind217","ind218","ind219","ind220","ind221","ind222","ind223","ind224","ind225","ind226","ind227","ind228","ind229","ind230","ind231","ind232","ind233","ind234","ind235","ind236","ind237","ind238","ind239","ind240","ind241","ind242","ind243","ind244","ind245","ind246","ind247","ind248","ind249","ind250","ind251","ind252","ind253","ind254","ind255","ind256","ind257","ind258","ind259","ind260","ind261","ind262","ind263","ind264","ind265","ind266","ind267","ind268","ind269","ind270","ind271","ind272","ind273","ind274","ind275","ind276","ind277","ind278","ind279","ind280","ind281","ind282","ind283","ind284","ind285","ind286","ind287","ind288","ind289","ind290","ind291","ind292","ind293","ind294","ind295","ind296","ind297","ind298","ind299","ind300","ind301","ind302","ind303","ind304","ind305","ind306","ind307","ind308","ind309","ind310","ind311","ind312","ind313","ind314","ind315","ind316","ind317","ind318","ind319","ind320","ind321","ind322","ind323","ind324","ind325","ind326","ind327","ind328","ind329","ind330","ind331","ind332","ind333","ind334","ind335","ind336","ind337","ind338","ind339","ind340","ind341","ind342","ind343","ind344","ind345","ind346","ind347","ind348","ind349","ind350","ind351","ind352","ind353","ind354","ind355","ind356","ind357","ind358","ind359","ind360","ind361","ind362","ind363","ind364","ind365","ind366","ind367","ind368","ind369","ind370","ind371","ind372","ind373","ind374","ind375","ind376","ind377","ind378","ind379","ind380","ind381","ind382","ind383","ind384","ind385","ind386","ind387","ind388","ind389","ind390","ind391","ind392","ind393","ind394","ind395","ind396","ind397","ind398","ind399","ind400","ind401","ind402","ind403","ind404","ind405","ind406","ind407","ind408","ind409","ind410","ind411","ind412","ind413","ind414","ind415","ind416","ind417","ind418","ind419","ind420","ind421","ind422","ind423","ind424","ind425","ind426","ind427","ind428","ind429","ind430","ind431","ind432","ind433","ind434","ind435","ind436","ind437","ind438","ind439","ind440","ind441","ind442","ind443","ind444","ind445","ind446","ind447","ind448","ind449","ind450","ind451","ind452","ind453","ind454","ind455","ind456","ind457","ind458","ind459","ind460","ind461","ind462","ind463","ind464","ind465","ind466","ind467","ind468","ind469","ind470","ind471","ind472","ind473","ind474","ind475","ind476","ind477","ind478","ind479","ind480","ind481","ind482","ind483","ind484","ind485","ind486","ind487","ind488","ind489","ind490","ind491"],"var" :["gene83","gene40","gene23","gene81","gene8","gene59","gene13","gene54","gene46","gene77","gene1","gene62","gene66","gene75","gene50","gene58","gene39","gene98","gene80","gene88","gene26","gene37","gene36","gene22","gene43","gene70","gene45","gene52","gene53","gene72","gene93","gene44","gene76","gene86","gene42","gene9","gene15","gene10","gene97","gene30","gene61","gene3","gene71","gene48","gene63","gene74","gene85","gene90","gene6","gene25","gene68","gene38","gene92","gene32","gene20","gene41","gene79","gene82","gene84","gene49","gene34","gene17","gene100","gene57","gene18","gene60","gene14","gene78","gene11","gene28","gene89","gene94","gene5","gene65","gene56","gene67","gene96","gene33","gene2","gene69","gene12","gene47","gene51","gene31","gene55","gene91","gene64","gene99","gene35","gene16","gene21","gene24","gene27","gene95","gene7","gene73","gene29","gene19","gene4","gene87"],"corr" :[[1,0.876661352807725,0.333857322960144,0.356749872093711,0.90693016564922,0.855193751993996,0.915950350255551,0.869938979510584,0.687681652066871,0.757591326845667,0.416803525555367,0.59349730786419,0.470997624488109,0.484562246950997,0.419225320375103,0.537791939389238,0.658049824369593,0.497457487095815,0.82724387474423,0.662363328116788,0.476956587675043,0.631554305206054,0.645732826730698,0.39314247030754,0.529274384200145,0.40962881949067,0.485675779861931,0.427680448183602,0.679467667543453,0.822806283844562,0.667355530374345,0.714073841494143,0.778203076736889,0.716075396038983,0.721756663106193,0.779254934041032,0.730576929511006,0.263488688931983,0.544813561972139,0.505665435505483,0.682508694558999,0.424774645649732,0.538481344427587,0.494281323092744,0.564552804812231,0.420824718098991,0.44723788632005,-0.27562577133629,-0.652664110721453,-0.813938828796036,-0.811870646710335,-0.607819262676497,-0.476592631890876,-0.804473730055833,-0.82116128672674,-0.784830195966283,-0.450365360983813,-0.434695945925946,-0.499935328105903,-0.401398005900146,-0.517132014660691,-0.408246389139368,-0.36798256733362,-0.315156868919851,-0.572898382488385,-0.48579677983874,-0.646391022690541,-0.598638298233919,-0.333991585150487,-0.479600366803294,-0.356183535331449,-0.554824743882287,-0.434943482026499,-0.518034070475824,-0.491888851022877,-0.694252854213994,-0.615355964660877,-0.680682709930849,-0.778813624019862,-0.595102332000194,-0.593696047826515,-0.556077448285945,-0.346732921575764,-0.530961817242178,-0.464398193341431,-0.576831717581804,-0.577914662240646,-0.595081378827366,-0.538528451504173,-0.522791929698311,-0.414829752594503,-0.465507619254885,-0.190921165344772,-0.34795940211734,-0.182029742239872,0.0982687389328654,-0.478197958486655,-0.800609195603349,-0.764128095617338,-0.747094582915172],[0.876661352807725,1,0.292300249240664,0.323648595200991,0.88952312920632,0.821558583385765,0.844908587554628,0.856431766990239,0.669566131444983,0.724635780849724,0.409303797289241,0.552836190138462,0.481310397458943,0.467783969344465,0.429102673836855,0.587189248967592,0.677659474923542,0.539585046298122,0.861223858198844,0.626104494954239,0.514125904444773,0.586272132279251,0.637686476776942,0.382885782432563,0.515248855697779,0.398170591080764,0.45800482651797,0.435411247108173,0.630257274303374,0.763578130403693,0.626207623488971,0.754697498623381,0.813142034156224,0.807510475822239,0.728920223408337,0.743303545900869,0.691175421793487,0.242192218933142,0.533344553501394,0.473178957660035,0.63505183112933,0.393241774199503,0.571718957719612,0.485598199575494,0.576518720955547,0.435238723551008,0.383725335346809,-0.339707467328861,-0.68199478062571,-0.830975315159389,-0.818674267848513,-0.554767440708651,-0.488031917134677,-0.746729791358814,-0.759393143649085,-0.709950851432635,-0.445511254524296,-0.423827098423925,-0.504810524904958,-0.416581215238333,-0.478936590209804,-0.414706529478526,-0.405944157788509,-0.38406683641202,-0.638153646311327,-0.401891141113743,-0.689697383957508,-0.596441979588348,-0.368620777184481,-0.537375886346544,-0.393544102236554,-0.594809497180388,-0.396994368920233,-0.453707194666875,-0.52635740578102,-0.718702532405784,-0.627981004937285,-0.69915475417949,-0.802058053826828,-0.685703277608495,-0.637168134550193,-0.573770843276195,-0.387932480443971,-0.504345594900828,-0.473848402989728,-0.615774045471465,-0.572604519151778,-0.620187981409983,-0.608772585561074,-0.546031287264312,-0.382853482439307,-0.448164364841198,-0.182431530911331,-0.346015521129675,-0.204735143470917,0.0933411590211772,-0.472933708737283,-0.802232958969001,-0.809009431242259,-0.78010685033713],[0.333857322960144,0.292300249240664,1,0.487944574579711,0.334080888633047,0.315491830007383,0.367235590526241,0.3171178886126,0.249712667599481,0.284600726914414,0.167703518507478,0.269901259741098,0.149983847190604,0.048081518117674,0.0274532868370816,0.0993348272736171,0.256275797435231,0.193639585115867,0.272278678867971,0.411328000648448,0.191932770371853,0.264900217442169,0.102464899212756,0.199883926261769,0.170111133605437,0.107746536664314,0.113374108916553,-0.0391507535291652,0.296858876421361,0.356430171182123,0.283154631709389,0.360568655101522,0.299371253496676,0.237498007799403,0.23334751501884,0.303187821455628,0.29450169423605,0.455242434779864,0.219368206198549,0.195526529551308,0.349873175420354,0.0914064846287748,0.202181373120662,0.297653202263802,0.237645705739654,-0.0354063487048043,0.172362651081673,-0.0435416638333413,-0.253392489390915,-0.328106962656298,-0.283271026922156,-0.19791197575738,-0.340235844907036,-0.256717762384012,-0.295013446219725,-0.218329815323835,-0.155681339119356,-0.320546084576404,-0.225083947062761,-0.0698710677662074,-0.150939454408517,0.107125289063741,-0.0424202229737471,0.0909398185519271,-0.12799622591578,-0.0918960190957955,-0.0989250140719434,-0.0893075338574873,0.0426404929416066,0.141932311480061,-0.191518622560173,-0.308746444522996,-0.284231393619871,-0.312681293452524,-0.247283778800931,-0.308420824087157,-0.26472661366903,-0.383812796399268,-0.274123013409488,-0.0443543989115855,-0.26852073371717,-0.0992808557038558,-0.0462602766426246,-0.0382222929116266,-0.134823639551696,-0.217959338648526,-0.188499269882959,-0.182377868037509,-0.0442720344243994,-0.180883752781542,-0.129298968846517,-0.13255979824781,-0.1443582548944,-0.217301798904148,-0.088590076595787,0.000547797758054947,-0.325259893531314,-0.274347384997904,-0.300789385258047,-0.218830254004827],[0.356749872093711,0.323648595200991,0.487944574579711,1,0.334938386568466,0.291301969136207,0.342371105129858,0.299979192620096,0.202767489699251,0.237184229220384,0.131982095364007,0.233783720470546,0.150311655446171,0.0725616186340741,0.0803054820590633,0.0494862876189514,0.262937703072664,0.202140708810991,0.24013212736492,0.362781826976963,0.0883089848191893,0.212564972308861,0.062072143778043,0.169061734801165,0.117640168671483,0.114963679997617,0.135649923707415,-0.152502871925082,0.342243418153614,0.438050399124499,0.309764535034401,0.437025100128473,0.291963435685057,0.303424994858671,0.24224357566093,0.226979622675006,0.206962039574201,0.658113223945232,0.177160111196414,0.11441843879149,0.287751406666455,0.0180293630543878,0.156841049125379,0.340629833779598,0.185231805595885,-0.0829732883226813,0.256684427342249,-0.0799698642135323,-0.291953240859465,-0.379199140964125,-0.316737845187412,-0.284150680413588,-0.388911520330439,-0.276575816670227,-0.315904797654533,-0.241768458643129,-0.173280355698011,-0.418795122883669,-0.265062674059048,-0.116400379355834,-0.246651891167154,0.0785771409275427,-0.0350354463315643,0.026623824495923,-0.299967703275476,-0.186158218262289,-0.124076503805831,-0.0609618493478224,0.0728115494966412,0.328645054797861,-0.434046177613304,-0.396091045113312,-0.396122964121256,-0.474176149612365,-0.413549131082709,-0.437685977395044,-0.399250513766521,-0.563580452772319,-0.380254099227637,-0.169466828277409,-0.383672985645563,-0.205951508029436,-0.102905243682797,-0.0751019147304479,-0.194793019934356,-0.31470916063162,-0.146458442383232,-0.243219382054432,0.140134730466508,-0.233449242599324,-0.21066689910987,-0.0539515310683052,-0.0800880759299559,-0.314966642910963,-0.0698955691144007,0.00763881620736943,-0.44492137694118,-0.316796449546511,-0.338500572602003,-0.320360767991351],[0.90693016564922,0.88952312920632,0.334080888633047,0.334938386568466,1,0.880568641608174,0.884493342163799,0.851536046563714,0.688609359813777,0.744299844735085,0.369020777691438,0.601178434668462,0.492827249740388,0.490158615669733,0.406120736790037,0.628571302650884,0.71567363740521,0.532891113010637,0.853276064417191,0.642613815382287,0.488555291361022,0.574031025494687,0.621825460497506,0.384259746853963,0.562660649763264,0.402898479150909,0.475214948475325,0.388462641889534,0.714002415204796,0.833831420597579,0.664824889496942,0.768678719342987,0.830298913391803,0.811691977913032,0.713440433427423,0.798926184422303,0.780751790283112,0.256912089439834,0.552348851127719,0.493309954670966,0.762877740315799,0.504325863784479,0.637877179985861,0.525942053872918,0.630914255213101,0.400154659979125,0.420760370417032,-0.300154131423973,-0.622333546684625,-0.837584495493048,-0.823945722631748,-0.580876814655562,-0.464307472261995,-0.756374876637625,-0.784805820074809,-0.712937540839804,-0.425796872682694,-0.413573231516469,-0.495915357890944,-0.360358940709452,-0.45665169771643,-0.359361861500304,-0.324710208635172,-0.284864004409549,-0.566972765950195,-0.373407608132157,-0.623875313509429,-0.559765120346938,-0.347582256998963,-0.497881243747797,-0.342980303928335,-0.59042892229221,-0.399995454596749,-0.487785650749705,-0.521688334227162,-0.703111117824859,-0.59212624821843,-0.654227602529096,-0.768739476416451,-0.59724837940044,-0.590493582178557,-0.506079290707585,-0.29658630816565,-0.441767089396353,-0.430891079586608,-0.558324085126754,-0.539851870496777,-0.54904180931499,-0.519413656160027,-0.525411363018376,-0.335676451665344,-0.400348920183207,-0.186430405372164,-0.359014070084543,-0.227361601131381,0.0907522991399344,-0.505453494515208,-0.81907712189696,-0.80295776381885,-0.79848387274179],[0.855193751993996,0.821558583385765,0.315491830007383,0.291301969136207,0.880568641608174,1,0.864382763413917,0.826155588186616,0.632331999902521,0.687828607993909,0.371207002592568,0.543730061590597,0.469265424686566,0.488224125575669,0.431291084242665,0.550328732883438,0.670205091099969,0.510546231071342,0.78609631228726,0.601737303596361,0.466513932649378,0.595027285727366,0.640880054459804,0.385639516853994,0.580619217636776,0.396727589480724,0.492170764580421,0.429207379016672,0.647680336221641,0.787022543218081,0.576784364402603,0.722731688860941,0.800478542656839,0.742425013718374,0.704257842355527,0.755235719720566,0.72407602081008,0.215295893855855,0.611697423329971,0.436615561947479,0.669221062444414,0.500540736099758,0.562294583717984,0.443766218465871,0.576091996064188,0.405576737646884,0.396103939233153,-0.300845349598137,-0.637550002465342,-0.81652932935399,-0.826427606989421,-0.554279166632744,-0.456919999209944,-0.779032095679749,-0.782099727968769,-0.725829195096251,-0.437254221458669,-0.354506282981695,-0.493165338854619,-0.37817067950744,-0.446133577117993,-0.36761345768488,-0.321343232901618,-0.338118525333096,-0.578725654477176,-0.435250812072537,-0.639991202496541,-0.575591771899082,-0.347196513143804,-0.526459255147742,-0.331898133702082,-0.539727621967618,-0.362193660565773,-0.466367452309704,-0.49133621226689,-0.689309445165014,-0.594781265718531,-0.640453405566504,-0.741121437468504,-0.601373166803246,-0.58498537454018,-0.537349533133053,-0.354877678478189,-0.473874672987177,-0.466741683303917,-0.603432231348501,-0.562518563714047,-0.592753368866631,-0.550821261977141,-0.502150689824812,-0.356424536819166,-0.419597195961023,-0.159380485537736,-0.344352920163132,-0.208316957984388,0.0802992910363844,-0.488752370808817,-0.808206559323584,-0.78195596627224,-0.792393151147645],[0.915950350255551,0.844908587554628,0.367235590526241,0.342371105129858,0.884493342163799,0.864382763413917,1,0.888700447177723,0.681325319021752,0.759943311490806,0.492515277676706,0.656812177501135,0.512193206328562,0.448827896864057,0.392797721650266,0.525801012788685,0.622933326917331,0.459681443567386,0.819174549929826,0.670707703089986,0.521428278111618,0.774250533816152,0.672426671942575,0.543411148432035,0.581713721254301,0.448014959711301,0.527789434426243,0.467675387244732,0.638624336875353,0.817321640847591,0.684826243773081,0.725277057457141,0.812376940591433,0.700504873482778,0.714580407170643,0.815229395415919,0.732239998830189,0.245224236853088,0.563887727221937,0.558129377209621,0.676640343870085,0.392953206431044,0.557144323282287,0.453009706208896,0.568050748844383,0.443154415356855,0.451453686934962,-0.312537181445224,-0.716801343789511,-0.853511100301369,-0.868537924629619,-0.564609540477443,-0.519535517788407,-0.794919553050058,-0.847565169916435,-0.751761098782102,-0.466043304784117,-0.381762053593503,-0.511865632478876,-0.409453393623429,-0.48669491926474,-0.441247341338253,-0.385697946097794,-0.338389115137896,-0.626044934980323,-0.432184650305836,-0.690456939392856,-0.618821160565771,-0.316316979598595,-0.512843681694405,-0.380065539610313,-0.511464534358738,-0.483427635771993,-0.548373406462212,-0.535644748831163,-0.732672696589018,-0.688026987812652,-0.699212797917651,-0.802384724608122,-0.640292339029183,-0.655515792930836,-0.590181312539719,-0.413286063033634,-0.534877860157284,-0.539029741238264,-0.623880448471415,-0.624131344151927,-0.64545870105153,-0.605914173381478,-0.559836324864572,-0.470109446558192,-0.532634761693641,-0.169014752613442,-0.341137063168465,-0.185794587382644,0.129947165190637,-0.483026964330992,-0.853585299952367,-0.809995438475766,-0.825045017917333],[0.869938979510584,0.856431766990239,0.3171178886126,0.299979192620096,0.851536046563714,0.826155588186616,0.888700447177723,1,0.766830395195318,0.82937763733197,0.555242761033706,0.627916358394676,0.515285428445925,0.50875114872486,0.385696191394248,0.611273940608942,0.669775116481813,0.557115883955135,0.81664420620624,0.607197906971279,0.494172931414685,0.674006503860094,0.651382410900404,0.429522762274635,0.497017970315465,0.441898866934169,0.529239087926983,0.503211368213665,0.599846752091174,0.783688425988465,0.650402950832563,0.742288699047736,0.802789917008056,0.722907942251973,0.725459249060783,0.820210099487931,0.746156896196001,0.2204079065453,0.581630341734308,0.631762992295784,0.673567686464236,0.416371174753967,0.592241250117978,0.526422996601924,0.622900375797242,0.519241163096617,0.432495943137483,-0.323843734087577,-0.737365155880826,-0.838361113866414,-0.828850690026849,-0.454602238533504,-0.43032856516607,-0.736282289056404,-0.798176029817884,-0.738957869464787,-0.530849910480645,-0.408102216373761,-0.55065110664389,-0.383556929286104,-0.443776705823701,-0.396470063825596,-0.349459396493214,-0.366298608592684,-0.560448424017853,-0.341144820097437,-0.726607249653687,-0.625475695398299,-0.377649294051338,-0.536240056084652,-0.388467768741869,-0.55932807947655,-0.432132308488976,-0.533886379455231,-0.51245249741744,-0.721725095463495,-0.671872473262639,-0.664926862288734,-0.80907060440084,-0.65606548665767,-0.583422931455851,-0.592589078962068,-0.384939894555109,-0.544287541623665,-0.388658721318907,-0.530420561550407,-0.589859933611739,-0.601269791872893,-0.611379024068078,-0.533048597404982,-0.376379647933553,-0.504426863376137,-0.220290111062123,-0.347120896324256,-0.202676452485257,0.112638800386448,-0.476003437458028,-0.841134929331254,-0.816057251767458,-0.822633411286258],[0.687681652066871,0.669566131444983,0.249712667599481,0.202767489699251,0.688609359813777,0.632331999902521,0.681325319021752,0.766830395195318,1,0.957111749804628,0.707074639255728,0.731365573858592,0.469512838700076,0.402117800694752,0.248656126436321,0.598167933896823,0.484635381058652,0.377419280540842,0.723346766434158,0.381552692829989,0.425253707236829,0.476565816799108,0.47156191137244,0.305179898425886,0.469672018273405,0.334784052829727,0.53733807332848,0.415129786010409,0.367846666864952,0.56764665452969,0.54770574474217,0.611595880484787,0.675322548604463,0.57777544298574,0.648675482413196,0.877041206430196,0.768465543862054,0.207949905634192,0.382322913310716,0.689014501966981,0.585155679392373,0.367297957180336,0.671352036259471,0.627861819894998,0.792412453651579,0.683637361276712,0.414279043068681,-0.244926479592198,-0.572407468021309,-0.643509785728555,-0.572810101325031,-0.0491543417232645,-0.179556377364593,-0.550877197282132,-0.590893070411497,-0.584089140196444,-0.551827405904685,-0.340214551534531,-0.549266233546962,-0.334293456350744,-0.25572876742735,-0.292113543847988,-0.198375448904253,-0.294967495778781,-0.230908875883324,-0.0793232796695972,-0.563017133129601,-0.429340420487587,-0.257613845594797,-0.42412028027126,-0.26451947343219,-0.454005126121942,-0.335773656452876,-0.417144635815133,-0.415723990020753,-0.589178541391305,-0.510554294907254,-0.506454254159573,-0.646861436313378,-0.546262979092477,-0.401501469458378,-0.461735403527738,-0.369197496885574,-0.329584148126968,0.010514863870378,-0.0975686769147555,-0.407940659835072,-0.391502862831173,-0.459132378267403,-0.387501535012493,-0.13190426810643,-0.45758460417817,-0.248053355300478,-0.286590150695046,-0.187602891950866,0.0673631943268392,-0.467591345569236,-0.653771911465282,-0.629078630493242,-0.629281005894391],[0.757591326845667,0.724635780849724,0.284600726914414,0.237184229220384,0.744299844735085,0.687828607993909,0.759943311490806,0.82937763733197,0.957111749804628,1,0.710132964012301,0.742957243304215,0.529416930795966,0.428675502481275,0.301187723713383,0.609580708903575,0.52016600039218,0.404046403324984,0.765207761887824,0.45970133472837,0.434840531654199,0.544855710753797,0.520688592788361,0.331504590331704,0.467334130839636,0.375261631752748,0.556387006191212,0.443397923650558,0.449540925296675,0.640709128168375,0.613592523178602,0.646132362788451,0.717211175258315,0.616136114125106,0.685219406690223,0.896104808959066,0.764821813786492,0.216436094377319,0.424871068570664,0.70912494023381,0.619271791023436,0.36794052073365,0.681677372560835,0.623261940282683,0.768407170547657,0.679816661748838,0.449322479758254,-0.256873785945104,-0.623152520702102,-0.716973100338345,-0.647366666543269,-0.149265308675051,-0.253735720721058,-0.606504377306967,-0.652619014835266,-0.634386546313573,-0.574223701330369,-0.360455833085065,-0.577247276981462,-0.352053612211928,-0.325808243133181,-0.351191635478673,-0.255236392117481,-0.330593132940898,-0.304404963799807,-0.114580497793008,-0.626109497281433,-0.490043126624668,-0.295907624759821,-0.456141641949264,-0.325983998628086,-0.499050804712153,-0.400865935541066,-0.488504616428035,-0.480736111147508,-0.658964092716523,-0.588777684889335,-0.572093797901358,-0.715197675831537,-0.589094332504848,-0.467763974018533,-0.512512217292158,-0.412302800436572,-0.39664335403386,-0.102815976420516,-0.187177208050096,-0.451925169319569,-0.455146781179082,-0.509030198134163,-0.458547129285947,-0.220212122142616,-0.515534248566438,-0.253213036396535,-0.309402743375969,-0.200059402874483,0.0655864350224354,-0.481580397599541,-0.725428684935764,-0.688975978171057,-0.684769624963642],[0.416803525555367,0.409303797289241,0.167703518507478,0.131982095364007,0.369020777691438,0.371207002592568,0.492515277676706,0.555242761033706,0.707074639255728,0.710132964012301,1,0.550453348017804,0.407374619568525,0.190552005052541,0.149966384451294,0.333966762444902,0.192272374037085,0.138576077504898,0.450863284272681,0.161444003073239,0.274872241134879,0.460301642896777,0.358586182009897,0.241407517064762,0.34326217273038,0.340436044196481,0.412546563121911,0.343004848566913,0.10654328841033,0.298459422649897,0.465870909817881,0.336855771999462,0.394125542995827,0.307514804206603,0.503547180376464,0.621440051653036,0.47369883213934,0.134931035498909,0.283765571876237,0.645912336615631,0.248981288736194,0.173073984916105,0.513616993797126,0.409215045913755,0.606637844553335,0.563160377798583,0.339063099826906,-0.156896565990793,-0.414835007459596,-0.419854329281948,-0.368756222408674,0.0877017122883266,-0.102868704888794,-0.343933821544385,-0.422347600781798,-0.40127688731778,-0.433467842522455,-0.127460274058542,-0.268367718491937,-0.198032875732776,-0.105945584334195,-0.2717333872717,-0.175689059430711,-0.322172466782979,-0.191053756551087,-0.093204123543285,-0.459801076275971,-0.270712272118866,-0.143304267264663,-0.29168484771084,-0.322398690667299,-0.198105712646808,-0.336397747328481,-0.381288177149424,-0.246105019048625,-0.504518347763589,-0.460513557147347,-0.340485998265181,-0.442165582018573,-0.43754497156716,-0.33381232804562,-0.420457123640826,-0.478157318453393,-0.294403180315093,0.0231524804793,-0.00969257842387096,-0.296272654379978,-0.332867913259259,-0.382235685797231,-0.321092996581583,-0.210507453650689,-0.485247943289474,-0.16838530689562,-0.161989413954257,-0.114058940507808,0.105362860878398,-0.302566194883953,-0.449306354446865,-0.432535217860372,-0.421655384321189],[0.59349730786419,0.552836190138462,0.269901259741098,0.233783720470546,0.601178434668462,0.543730061590597,0.656812177501135,0.627916358394676,0.731365573858592,0.742957243304215,0.550453348017804,1,0.427723895901497,0.321711476538543,0.173592864361785,0.486123899872539,0.338547470324424,0.2775115525365,0.583245043820085,0.389540920215802,0.378513280300726,0.630371412189687,0.394902941895186,0.641753434270793,0.424669021632021,0.348987976567311,0.443311169710903,0.310411521227897,0.306715974786297,0.510745317549148,0.494132206039869,0.518030911646401,0.56189273839968,0.445683763581307,0.523438156900603,0.706456556580228,0.56259815134587,0.218893593787158,0.311098549958002,0.571468998454272,0.476154747339132,0.248838349216215,0.55991888369617,0.510492110544034,0.569488569476804,0.509699870553812,0.352392350089167,-0.208803207584318,-0.490515696182307,-0.586896615210222,-0.545256345648772,-0.134626660370663,-0.295910180106864,-0.520007050077019,-0.564677875000277,-0.491958188887342,-0.458591523045127,-0.314560491336987,-0.44905372133092,-0.252686345981919,-0.261427673222409,-0.26987900675727,-0.191037471736099,-0.309187506359473,-0.287996222223147,-0.0907446965733888,-0.490482502114425,-0.384619212419502,-0.20007487663498,-0.383862793200605,-0.2801641137916,-0.408346780689753,-0.363843468125958,-0.406228439932735,-0.429892254593666,-0.546293279171978,-0.495514429191128,-0.48392903081954,-0.559944287305833,-0.47359385576534,-0.456437249258675,-0.38706458401468,-0.356633236847833,-0.312133342530767,-0.115439969027451,-0.202891871540054,-0.400933649981399,-0.36389886786631,-0.410030384047522,-0.367920541673421,-0.177923706726107,-0.382938650711678,-0.207551685765097,-0.217786248997715,-0.165593589381335,0.0744050776370931,-0.354017151526005,-0.590330046626341,-0.555219675755277,-0.570084524954506],[0.470997624488109,0.481310397458943,0.149983847190604,0.150311655446171,0.492827249740388,0.469265424686566,0.512193206328562,0.515285428445925,0.469512838700076,0.529416930795966,0.407374619568525,0.427723895901497,1,0.227836303281996,0.245608916394356,0.333229290649482,0.344613847460446,0.226450933222028,0.431816432551114,0.319632322606597,0.316647309760066,0.353181326108015,0.290043671656003,0.224264210855701,0.171415634654681,0.264524315531439,0.233121577020604,0.265707745229048,0.284079207505354,0.433384044042517,0.402099840714932,0.437993671641368,0.459375620484295,0.373660563918963,0.374535676336524,0.470856736296233,0.423460239267245,0.10691029584142,0.377661256018294,0.418505157523644,0.426373226984258,0.283880002789976,0.366483138572301,0.379725967469966,0.447347139631313,0.319540543412907,0.315829188862605,-0.163729699003776,-0.43232379246296,-0.48194392590702,-0.466838751005499,-0.238491268505309,-0.177830730765116,-0.388741944202551,-0.451557487204978,-0.301489015555694,-0.360379661506008,-0.292354597264538,-0.365945443734853,-0.114560011389048,-0.203296212962245,-0.240263036572603,-0.157270500547076,-0.237182791335174,-0.277652907710531,-0.135922345681799,-0.402820732056599,-0.26321264704623,-0.190281281232361,-0.321290533774083,-0.243079636192635,-0.323745227399059,-0.266163002266894,-0.362039805176638,-0.409854795568086,-0.465865569619838,-0.421799111888035,-0.354865970733107,-0.445659281116037,-0.31740793430796,-0.315149422306933,-0.353119613087029,-0.305934277000843,-0.302289530048479,-0.211247749833041,-0.195786869335294,-0.326618517648553,-0.370876825070787,-0.358482833206429,-0.367147213618462,-0.191894671706481,-0.396226937582901,-0.197669444934636,-0.127361572622886,-0.122215598824645,0.0471367934537349,-0.277114327164096,-0.445999766338257,-0.440620205252478,-0.453390592648454],[0.484562246950997,0.467783969344465,0.048081518117674,0.0725616186340741,0.490158615669733,0.488224125575669,0.448827896864057,0.50875114872486,0.402117800694752,0.428675502481275,0.190552005052541,0.321711476538543,0.227836303281996,1,0.261568089353755,0.460220246187538,0.389560599839344,0.444111526852201,0.406951639733455,0.284793889708773,0.188236374116753,0.324174645975534,0.331545220820562,0.218735217846796,0.240915641101371,0.244295837887978,0.323280948884376,0.333954484849033,0.398798841819603,0.382725882589825,0.241150239487725,0.23975230255824,0.424744616048172,0.40453380720657,0.382514109428455,0.411068188974153,0.39426181455717,-0.109020969508553,0.248494598976007,0.349318135928664,0.366219714574511,0.301672151218911,0.282757521928461,0.205887770070629,0.319004528567212,0.301951403708472,0.169683213095156,-0.0797699440402806,-0.323878761828845,-0.478775654008834,-0.476383801304916,-0.290296492025451,-0.0765214131123785,-0.445042529976986,-0.469264338939472,-0.454361916880734,-0.321634385266065,-0.233665215365494,-0.305653774082809,-0.200123828302686,-0.33837686616232,-0.308833561125478,-0.393367917122043,-0.436485875904744,-0.283621974818332,-0.184255906683239,-0.521315858122775,-0.543946507599113,-0.302853149367135,-0.438322274873668,-0.0553821657818597,-0.350976408485676,-0.0127766837797101,-0.154212280357786,-0.155420077550347,-0.344917469525417,-0.19030936857284,-0.239079558185458,-0.430501256849824,-0.413148436482951,-0.240093884256618,-0.336582003104782,-0.0988070423032159,-0.405242927928787,-0.201862191151706,-0.303260405258897,-0.288717174712362,-0.115564128059524,-0.286434264251366,-0.202887990830488,-0.243246547019998,-0.0872889476665114,-0.113427876099045,-0.165800868713992,-0.213511707929345,0.0392229253349603,-0.283221673732238,-0.487717098860187,-0.508415077062757,-0.472434673168355],[0.419225320375103,0.429102673836855,0.0274532868370816,0.0803054820590633,0.406120736790037,0.431291084242665,0.392797721650266,0.385696191394248,0.248656126436321,0.301187723713383,0.149966384451294,0.173592864361785,0.245608916394356,0.261568089353755,1,0.291419619226326,0.324567491537476,0.268458572638028,0.390423471025792,0.293687028270841,0.0995919261409789,0.247115981618405,0.350264896349276,0.154480621032609,0.256498090535309,0.155311744263462,0.283582379012886,0.244949763591682,0.322822741763882,0.378900159562579,0.271319042476202,0.280714902584136,0.383399609977556,0.395523068863972,0.339495155534587,0.331429545355444,0.325926621124002,0.0827320890083725,0.323848800001507,0.194467545388501,0.256668137862638,0.213796315368008,0.304000251006617,0.15518057927778,0.269731755451442,0.263338551200823,0.20482058934481,-0.226825006723794,-0.259440393664695,-0.404366536039284,-0.385018405680987,-0.33890474217393,-0.217881221190858,-0.381946980721201,-0.358066702922508,-0.386262917277095,-0.235572799380248,-0.0988481510817244,-0.155591533203319,-0.282728808886224,-0.237900712982388,-0.311967044506123,-0.201237815742816,-0.239444075960107,-0.305100812692573,-0.239497345789154,-0.32265424538562,-0.283229267941499,-0.196714230296511,-0.328833079354718,-0.103804876743597,-0.203874089836823,-0.0483632197508224,-0.136812436677019,-0.175378400078492,-0.29437899290959,-0.258201961263059,-0.275423347913662,-0.323529737607895,-0.336146123149006,-0.288470193201074,-0.264127881458287,-0.166910047153954,-0.27356847458199,-0.249912734872445,-0.321157029553402,-0.199680008125824,-0.252242997921331,-0.207474252888413,-0.204746823203623,-0.15545675826963,-0.159212980246476,-0.0565880471720459,-0.0858035034778813,-0.09040999171451,0.0459997910064878,-0.24423854577955,-0.39857154102097,-0.363598940174792,-0.34333709249909],[0.537791939389238,0.587189248967592,0.0993348272736171,0.0494862876189514,0.628571302650884,0.550328732883438,0.525801012788685,0.611273940608942,0.598167933896823,0.609580708903575,0.333966762444902,0.486123899872539,0.333229290649482,0.460220246187538,0.291419619226326,1,0.511236445728261,0.418345409288081,0.630809053630915,0.396204888988721,0.233531143054853,0.316714249343446,0.386131515393134,0.233280077445969,0.337593811300974,0.272224648925891,0.38857304617746,0.355714667558735,0.479803520847227,0.481986440276619,0.362648149177574,0.567355834183084,0.55287934424687,0.536849150143686,0.470807481083869,0.576359320792784,0.54398929989658,0.0577954081087823,0.34578016281291,0.450877696273425,0.535704026375903,0.32214339888275,0.481852215122037,0.496389384969648,0.535183313474029,0.411926326691092,0.229015545636307,-0.182364840204764,-0.400428866027712,-0.522863353792537,-0.46893440690307,-0.203432418694207,-0.200143564027965,-0.394818780332664,-0.444631537997272,-0.412400564703829,-0.319284069001584,-0.307822021654068,-0.430170253542829,-0.143297139276742,-0.237475713069501,-0.200252669970861,-0.144492788244699,-0.242288785343567,-0.268277483041103,-0.0276541760992136,-0.418986917442384,-0.392718199903072,-0.313148508537815,-0.454757063841295,-0.152579560493921,-0.437076187476064,-0.126063898801027,-0.229574513841753,-0.351369597163779,-0.396118041402387,-0.327705810595059,-0.329930500202984,-0.480695214562894,-0.398279368189999,-0.341199373611897,-0.295418498302377,-0.197887208143748,-0.223740043182048,-0.0631667402662956,-0.201531749601019,-0.310646551048717,-0.276786040157343,-0.339724951572151,-0.266147590507536,-0.0153255293710283,-0.208369537089903,-0.216640496680899,-0.250505502103875,-0.150310783422732,0.058727943712075,-0.334795129627021,-0.499341964966064,-0.497371897238075,-0.504180408612287],[0.658049824369593,0.677659474923542,0.256275797435231,0.262937703072664,0.71567363740521,0.670205091099969,0.622933326917331,0.669775116481813,0.484635381058652,0.52016600039218,0.192272374037085,0.338547470324424,0.344613847460446,0.389560599839344,0.324567491537476,0.511236445728261,1,0.566580932274886,0.666610157895291,0.493784488063254,0.405556498632048,0.335778884921259,0.48215282298576,0.218122083921592,0.387316500721181,0.226655759404137,0.335615841466609,0.311955777603885,0.589704807326104,0.643783837598148,0.40712592556199,0.586719736599307,0.636031821732276,0.647161638343132,0.531195363641022,0.545149841440797,0.579977151495798,0.15831677813854,0.45693078918617,0.362749999725855,0.599410306002221,0.405104328366484,0.48267853684083,0.426318584843455,0.448023704550252,0.257916976832092,0.246854139383477,-0.301469166676383,-0.502599053329397,-0.636945270298371,-0.593999005839434,-0.463780327617956,-0.343346395397254,-0.528433147846017,-0.565446092137625,-0.555903999899981,-0.362971664764453,-0.343239250521299,-0.411807171893001,-0.245742581886397,-0.380260941162755,-0.202498162156091,-0.227412910627388,-0.22352421858532,-0.43788596699849,-0.209941949694403,-0.5145050167396,-0.50411128949746,-0.280037193046654,-0.43333605726807,-0.226596253655944,-0.434865112630836,-0.199767074288074,-0.319382719214228,-0.425586050198252,-0.533405600613331,-0.345001563534516,-0.46030056854523,-0.556718837529279,-0.373299575574552,-0.448266583678566,-0.380275460299507,-0.168834520252676,-0.369899632575759,-0.260408269074275,-0.464163470287675,-0.40370219676443,-0.367422352769707,-0.365189275306145,-0.32865714167333,-0.175362922583132,-0.153833264384066,-0.110053693947459,-0.295275289175316,-0.191952331698096,0.0343102560003976,-0.368331933646883,-0.619471250339963,-0.609182088716735,-0.606436832561063],[0.497457487095815,0.539585046298122,0.193639585115867,0.202140708810991,0.532891113010637,0.510546231071342,0.459681443567386,0.557115883955135,0.377419280540842,0.404046403324984,0.138576077504898,0.2775115525365,0.226450933222028,0.444111526852201,0.268458572638028,0.418345409288081,0.566580932274886,1,0.51942232999563,0.44963073869397,0.215015867283823,0.284326473156511,0.333221262378971,0.207189352437978,0.294817197562991,0.246891412724525,0.274358054887298,0.265246495767709,0.384656233328043,0.455336867613319,0.249925171052703,0.451214456607637,0.505588110440726,0.491247907121406,0.439123221759145,0.409955972356226,0.401599478075895,0.153354943766612,0.316527202506053,0.303495140171176,0.449445109038318,0.267280198188737,0.353724326890504,0.312758434977818,0.361097125251823,0.188975434330928,0.191266762782581,-0.233603698035005,-0.362783729410412,-0.496238252385929,-0.45137902036988,-0.330087412648338,-0.237868225504819,-0.400945277770628,-0.449367069934626,-0.391720848486923,-0.343386130932131,-0.265496910291822,-0.419160652679005,-0.161730198237641,-0.266996371335113,-0.193023712643558,-0.207790149203266,-0.293662961636529,-0.341788729980938,-0.156505136639984,-0.411661960423623,-0.436990228487442,-0.206358358161733,-0.334076239887792,-0.251746362649528,-0.405039926561369,-0.131079028471371,-0.246191793840502,-0.362903875495545,-0.413856678791544,-0.343776301178749,-0.339836425989998,-0.454154537122472,-0.363684243218161,-0.311499574619012,-0.263011813889633,-0.0849575763295402,-0.317917491669089,-0.187053467840766,-0.377815649958532,-0.329844053800175,-0.199947739142751,-0.264033819794458,-0.224968124010048,-0.106719525739691,-0.057869784140723,-0.0933586147709553,-0.192208222928593,-0.163443159042715,0.00480746552798014,-0.245987898016753,-0.45188748987857,-0.499058790640385,-0.466994394553244],[0.82724387474423,0.861223858198844,0.272278678867971,0.24013212736492,0.853276064417191,0.78609631228726,0.819174549929826,0.81664420620624,0.723346766434158,0.765207761887824,0.450863284272681,0.583245043820085,0.431816432551114,0.406951639733455,0.390423471025792,0.630809053630915,0.666610157895291,0.51942232999563,1,0.630050038405251,0.489338555910558,0.541172278359982,0.626661222411541,0.34046800391553,0.521645427994298,0.35672286595911,0.490786554662736,0.418052120745163,0.616496854409412,0.742641983634184,0.603273937353,0.758798117857633,0.780343058985247,0.793800692327194,0.715817841704781,0.781372920814923,0.717178959115447,0.220579735222406,0.525716230287848,0.487033477260305,0.68153065723663,0.402463543935982,0.616560658013587,0.536674496783513,0.627897100885609,0.5073094005006,0.409605927629859,-0.359421966219266,-0.661427644911986,-0.78878560886385,-0.759422565077775,-0.451078091293928,-0.472422437716528,-0.673020569671353,-0.718174418948099,-0.661912200444505,-0.399799252822511,-0.405451064526165,-0.528755677988893,-0.346828759686246,-0.355715014512678,-0.377279299420281,-0.238196523699855,-0.283269934337957,-0.554697927986728,-0.302330044433733,-0.600517304570764,-0.527765899197645,-0.373418333794137,-0.541711688191252,-0.312295809134969,-0.540382746911861,-0.345726283088107,-0.388956463980133,-0.503472032289099,-0.669275798057421,-0.566758208012327,-0.624917702006335,-0.756621166739014,-0.624980781802176,-0.57360974637517,-0.461858100603921,-0.343924883919142,-0.441707729327631,-0.354876315994268,-0.49036849593828,-0.557695611670303,-0.60166790625935,-0.572669976421833,-0.48758214552814,-0.244781626086741,-0.389248136296124,-0.214253054677064,-0.351523386034497,-0.193013826837483,0.102670497127862,-0.454414997843911,-0.7704687028